50 5 
file1 5 5 0 1 2 3 4 5 6 7 8 9 
file2 5 5 10 11 12 13 14 15 16 17 18 19 
file3 5 5 20 21 22 23 24 25 26 27 28 29 
NULL 0 -1 -1 -1 -1 -1 -1 -1 -1 -1 -1 -1 
NULL 0 -1 -1 -1 -1 -1 -1 -1 -1 -1 -1 -1 
NULL 0 -1 -1 -1 -1 -1 -1 -1 -1 -1 -1 -1 
NULL 0 -1 -1 -1 -1 -1 -1 -1 -1 -1 -1 -1 
NULL 0 -1 -1 -1 -1 -1 -1 -1 -1 -1 -1 -1 
NULL 0 -1 -1 -1 -1 -1 -1 -1 -1 -1 -1 -1 
NULL 0 -1 -1 -1 -1 -1 -1 -1 -1 -1 -1 -1 
NULL 0 -1 -1 -1 -1 -1 -1 -1 -1 -1 -1 -1 
NULL 0 -1 -1 -1 -1 -1 -1 -1 -1 -1 -1 -1 
NULL 0 -1 -1 -1 -1 -1 -1 -1 -1 -1 -1 -1 
NULL 0 -1 -1 -1 -1 -1 -1 -1 -1 -1 -1 -1 
NULL 0 -1 -1 -1 -1 -1 -1 -1 -1 -1 -1 -1 
NULL 0 -1 -1 -1 -1 -1 -1 -1 -1 -1 -1 -1 
NULL 0 -1 -1 -1 -1 -1 -1 -1 -1 -1 -1 -1 
NULL 0 -1 -1 -1 -1 -1 -1 -1 -1 -1 -1 -1 
NULL 0 -1 -1 -1 -1 -1 -1 -1 -1 -1 -1 -1 
NULL 0 -1 -1 -1 -1 -1 -1 -1 -1 -1 -1 -1 
h e l l o t h i s i s t h e f i r s t f i l e 0 0 0 0 0 0 0 0 0 0 0 0 0 0 0 0 0 0 0 0 0 0 0 0 0 0 0 h e l l o t h i s i s t h e s e c o n d f i l e 0 0 0 0 0 0 0 0 0 0 0 0 0 0 0 0 0 0 0 0 0 0 0 0 0 0 h e l l o t h i s i s t h e t h i r d f i l e 0 0 0 0 0 0 0 0 0 0 0 0 0 0 0 0 0 0 0 0 0 0 0 0 0 0 0 0 0 0 0 0 0 0 0 0 0 0 0 0 0 0 0 0 0 0 0 0 0 0 0 0 0 0 0 0 0 0 0 0 0 0 0 0 0 0 0 0 0 0 0 0 0 0 0 0 0 0 0 0 0 0 0 0 0 0 0 0 0 0 0 0 0 0 0 0 0 0 0 0 0 0 0 0 0 0 0 0 0 0 0 0 0 0 0 0 0 0 0 0 0 0 0 0 0 0 0 