10 5 
file1 5 5 0 1 2 3 4 5 6 7 8 9 
NULL 0 -1 -1 -1 -1 -1 -1 -1 -1 -1 -1 -1 
NULL 0 -1 -1 -1 -1 -1 -1 -1 -1 -1 -1 -1 
NULL 0 -1 -1 -1 -1 -1 -1 -1 -1 -1 -1 -1 
NULL 0 -1 -1 -1 -1 -1 -1 -1 -1 -1 -1 -1 
NULL 0 -1 -1 -1 -1 -1 -1 -1 -1 -1 -1 -1 
NULL 0 -1 -1 -1 -1 -1 -1 -1 -1 -1 -1 -1 
NULL 0 -1 -1 -1 -1 -1 -1 -1 -1 -1 -1 -1 
NULL 0 -1 -1 -1 -1 -1 -1 -1 -1 -1 -1 -1 
NULL 0 -1 -1 -1 -1 -1 -1 -1 -1 -1 -1 -1 
NULL 0 -1 -1 -1 -1 -1 -1 -1 -1 -1 -1 -1 
NULL 0 -1 -1 -1 -1 -1 -1 -1 -1 -1 -1 -1 
NULL 0 -1 -1 -1 -1 -1 -1 -1 -1 -1 -1 -1 
NULL 0 -1 -1 -1 -1 -1 -1 -1 -1 -1 -1 -1 
NULL 0 -1 -1 -1 -1 -1 -1 -1 -1 -1 -1 -1 
NULL 0 -1 -1 -1 -1 -1 -1 -1 -1 -1 -1 -1 
NULL 0 -1 -1 -1 -1 -1 -1 -1 -1 -1 -1 -1 
NULL 0 -1 -1 -1 -1 -1 -1 -1 -1 -1 -1 -1 
NULL 0 -1 -1 -1 -1 -1 -1 -1 -1 -1 -1 -1 
NULL 0 -1 -1 -1 -1 -1 -1 -1 -1 -1 -1 -1 
h e l l o t h i s i s t h e s e c o n d e d i t 0 0 0 0 0 0 0 0 0 0 0 0 0 0 0 0 0 0 0 0 0 0 0 0 0 0 